60 50
42 1 36 
10 2 36 42 
25 2 42 10 
28 2 36 25 
39 4 10 25 36 28 
15 3 10 36 39 
5 3 10 25 15 
29 4 5 10 36 15 
37 2 25 29 
48 9 15 37 42 10 25 36 39 5 29 
20 2 15 50 
4 5 29 37 48 5 20 
23 2 42 4 
47 3 48 39 23 
35 16 20 10 42 4 23 28 48 37 5 39 29 36 25 15 50 47 
12 8 47 15 35 5 10 37 50 42 
30 4 42 15 23 12 
43 6 29 15 47 4 12 30 
2 19 15 48 10 4 12 29 47 37 43 35 20 50 36 25 28 30 42 23 39 
40 13 5 37 50 20 36 35 2 25 10 42 23 29 28 
11 2 23 40 
51 3 35 2 11 
57 20 29 4 43 40 51 28 20 37 2 36 48 10 15 11 42 50 5 23 47 30 
14 11 36 57 48 47 23 2 4 35 30 20 25 
18 25 5 47 15 50 25 51 36 57 43 20 14 10 35 48 30 11 29 28 42 2 40 12 39 37 23 
58 12 10 39 23 4 5 57 20 11 30 43 25 18 
13 16 43 40 42 30 28 25 36 5 14 12 37 57 10 18 20 58 
41 19 5 43 50 58 12 47 30 15 20 14 18 2 40 57 36 11 39 37 13 
3 23 41 51 29 5 50 30 43 22 20 40 28 35 48 58 12 13 47 14 18 15 2 10 42 
17 11 3 37 13 30 5 36 18 28 10 47 29 
6 20 22 47 35 23 41 58 40 2 13 37 15 12 18 5 28 3 17 50 4 48 
52 6 39 4 50 12 2 6 
46 22 47 35 20 18 39 36 22 10 28 25 57 13 15 43 4 12 6 23 3 11 41 52 
8 33 45 3 58 29 6 40 37 12 35 26 52 48 22 17 15 46 13 50 19 27 51 39 43 14 18 25 10 5 28 11 42 41 23 
9 29 37 52 23 30 12 57 4 50 19 3 28 48 25 41 10 46 11 6 39 27 15 26 2 20 29 42 47 58 8 
24 16 41 6 47 36 13 4 26 51 18 39 28 30 10 12 58 9 
38 1 24 
34 9 52 57 29 36 47 58 2 37 38 
54 33 25 13 22 47 39 30 45 46 6 40 10 50 26 29 38 37 36 2 52 5 35 3 19 9 12 41 18 27 51 24 57 42 34 
32 29 2 13 48 9 26 27 43 46 34 22 25 18 47 6 17 35 50 28 40 52 29 58 10 45 20 42 12 8 54 
21 11 35 32 6 15 46 10 22 25 23 43 39 
7 43 34 43 5 35 39 36 30 19 13 32 3 38 47 58 21 17 14 2 57 26 22 10 51 18 25 15 27 11 48 12 37 4 24 41 6 54 29 23 28 40 8 20 42 
59 42 39 13 52 7 22 58 25 34 11 2 50 23 37 51 47 42 45 20 28 46 15 3 29 41 17 40 24 21 19 35 14 48 5 27 36 32 6 10 4 30 18 43 
55 24 42 20 45 2 52 37 1 24 58 47 12 22 50 38 36 46 41 59 13 6 4 18 34 43 
33 26 54 34 26 51 43 39 8 22 59 42 57 20 38 2 25 35 9 47 36 17 14 3 15 48 30 55 
44 24 3 18 41 54 58 15 30 37 6 13 39 2 55 22 59 45 29 7 27 14 25 8 50 56 
60 2 34 44 
16 37 1 24 38 3 42 35 17 60 54 10 57 45 28 33 12 26 59 50 15 25 29 40 4 18 32 2 22 44 41 47 49 52 27 20 21 14 9 
31 37 3 51 11 13 43 21 33 26 42 12 37 28 40 39 57 10 14 7 23 30 29 8 34 9 59 5 36 41 24 32 38 56 27 2 17 52 16 
53 52 41 37 4 29 3 19 47 43 51 13 18 45 17 55 57 44 20 10 2 36 38 8 26 35 11 39 23 12 59 46 27 56 50 42 14 25 32 60 15 5 1 16 49 48 9 31 34 54 7 58 21 22 
